index,video_id,title,url,duration,upload_date
1,IeaD0ZaUJ3Y,How to Read a Paper Efficiently (By Prof. Pete Carr),https://www.youtube.com/watch?v=IeaD0ZaUJ3Y,,
2,UY7sVKJPTMA,How to Write a Paper in a Weekend (By Prof. Pete Carr),https://www.youtube.com/watch?v=UY7sVKJPTMA,,
3,1AYxMbYZQ1Y,PhD: How to write a great research paper,https://www.youtube.com/watch?v=1AYxMbYZQ1Y,,
4,Kp4JMH7L9dE,PYR101: George Whitesides - Improving your writing,https://www.youtube.com/watch?v=Kp4JMH7L9dE,,
5,q3mrRH2aS98,PYR101: George Whitesides - How to Write a Paper to Communicate Your Research,https://www.youtube.com/watch?v=q3mrRH2aS98,,
6,VNuGMBowKcI,PYR101: George Whitesides - Writing so people notice,https://www.youtube.com/watch?v=VNuGMBowKcI,,
